height,weight
153,49.449999999999996
167,65.55
200,103.49999999999999
159,56.349999999999994
178,78.19999999999999
142,36.8
181,81.64999999999999
170,69.0
185,86.25
140,34.5
153,49.449999999999996
182,82.8
140,34.5
155,51.74999999999999
200,103.49999999999999
186,87.39999999999999
159,56.349999999999994
160,57.49999999999999
175,74.75
179,79.35
168,66.69999999999999
188,89.69999999999999
179,79.35
196,98.89999999999999
198,101.19999999999999
141,35.65
185,86.25
183,83.94999999999999
145,40.25
144,39.099999999999994
182,82.8
146,41.4
184,85.1
156,52.9
173,72.44999999999999
166,64.39999999999999
185,86.25
190,92.0
168,66.69999999999999
163,60.949999999999996
145,40.25
197,100.05
193,95.44999999999999
182,82.8
180,80.5
141,35.65
156,52.9
154,50.599999999999994
170,69.0
191,93.14999999999999
198,101.19999999999999
166,64.39999999999999
149,44.849999999999994
199,102.35
163,60.949999999999996
187,88.55
200,103.49999999999999
161,58.65
164,62.099999999999994
177,77.05
174,73.6
163,60.949999999999996
164,62.099999999999994
182,82.8
172,71.3
164,62.099999999999994
150,46.0
187,88.55
158,55.199999999999996
176,75.89999999999999
178,78.19999999999999
155,51.74999999999999
175,74.75
154,50.599999999999994
169,67.85
175,74.75
162,59.8
198,101.19999999999999
148,43.699999999999996
179,79.35
195,97.74999999999999
150,46.0
144,39.099999999999994
173,72.44999999999999
150,46.0
194,96.6
185,86.25
188,89.69999999999999
196,98.89999999999999
196,98.89999999999999
183,83.94999999999999
157,54.05
197,100.05
179,79.35
153,49.449999999999996
199,102.35
152,48.3
183,83.94999999999999
182,82.8
191,93.14999999999999
167,65.55
149,44.849999999999994
155,51.74999999999999
193,95.44999999999999
168,66.69999999999999
189,90.85
147,42.55
147,42.55
156,52.9
160,57.49999999999999
169,67.85
161,58.65
191,93.14999999999999
164,62.099999999999994
192,94.3
164,62.099999999999994
170,69.0
190,92.0
177,77.05
169,67.85
190,92.0
170,69.0
183,83.94999999999999
196,98.89999999999999
163,60.949999999999996
169,67.85
144,39.099999999999994
186,87.39999999999999
142,36.8
159,56.349999999999994
194,96.6
180,80.5
152,48.3
177,77.05
151,47.15
142,36.8
198,101.19999999999999
144,39.099999999999994
176,75.89999999999999
179,79.35
175,74.75
198,101.19999999999999
155,51.74999999999999
159,56.349999999999994
150,46.0
140,34.5
179,79.35
158,55.199999999999996
179,79.35
168,66.69999999999999
159,56.349999999999994
167,65.55
173,72.44999999999999
176,75.89999999999999
191,93.14999999999999
190,92.0
156,52.9
174,73.6
141,35.65
159,56.349999999999994
178,78.19999999999999
146,41.4
184,85.1
140,34.5
192,94.3
144,39.099999999999994
146,41.4
169,67.85
199,102.35
194,96.6
184,85.1
161,58.65
166,64.39999999999999
184,85.1
169,67.85
152,48.3
147,42.55
149,44.849999999999994
195,97.74999999999999
150,46.0
161,58.65
182,82.8
160,57.49999999999999
164,62.099999999999994
185,86.25
191,93.14999999999999
170,69.0
159,56.349999999999994
157,54.05
173,72.44999999999999
192,94.3
141,35.65
165,63.24999999999999
171,70.14999999999999
147,42.55
185,86.25
186,87.39999999999999
190,92.0
200,103.49999999999999
190,92.0
151,47.15
149,44.849999999999994
183,83.94999999999999
150,46.0
180,80.5
159,56.349999999999994
193,95.44999999999999
192,94.3
142,36.8
186,87.39999999999999
178,78.19999999999999
191,93.14999999999999
181,81.64999999999999
175,74.75
163,60.949999999999996
169,67.85
173,72.44999999999999
171,70.14999999999999
186,87.39999999999999
198,101.19999999999999
143,37.949999999999996
184,85.1
193,95.44999999999999
177,77.05
170,69.0
186,87.39999999999999
190,92.0
143,37.949999999999996
195,97.74999999999999
197,100.05
198,101.19999999999999
161,58.65
173,72.44999999999999
187,88.55
173,72.44999999999999
196,98.89999999999999
177,77.05
150,46.0
151,47.15
178,78.19999999999999
197,100.05
189,90.85
199,102.35
181,81.64999999999999
199,102.35
169,67.85
150,46.0
178,78.19999999999999
176,75.89999999999999
161,58.65
174,73.6
189,90.85
171,70.14999999999999
195,97.74999999999999
178,78.19999999999999
148,43.699999999999996
189,90.85
158,55.199999999999996
168,66.69999999999999
187,88.55
156,52.9
156,52.9
175,74.75
161,58.65
165,63.24999999999999
183,83.94999999999999
140,34.5
154,50.599999999999994
199,102.35
144,39.099999999999994
144,39.099999999999994
196,98.89999999999999
148,43.699999999999996
155,51.74999999999999
164,62.099999999999994
149,44.849999999999994
179,79.35
180,80.5
150,46.0
182,82.8
192,94.3
177,77.05
174,73.6
151,47.15
195,97.74999999999999
185,86.25
174,73.6
141,35.65
156,52.9
193,95.44999999999999
166,64.39999999999999
144,39.099999999999994
185,86.25
169,67.85
140,34.5
170,69.0
181,81.64999999999999
193,95.44999999999999
163,60.949999999999996
152,48.3
181,81.64999999999999
149,44.849999999999994
146,41.4
154,50.599999999999994
167,65.55
183,83.94999999999999
152,48.3
157,54.05
162,59.8
191,93.14999999999999
166,64.39999999999999
168,66.69999999999999
148,43.699999999999996
173,72.44999999999999
174,73.6
164,62.099999999999994
196,98.89999999999999
146,41.4
153,49.449999999999996
159,56.349999999999994
170,69.0
175,74.75
197,100.05
191,93.14999999999999
162,59.8
166,64.39999999999999
192,94.3
192,94.3
171,70.14999999999999
151,47.15
160,57.49999999999999
166,64.39999999999999
142,36.8
157,54.05
181,81.64999999999999
199,102.35
160,57.49999999999999
167,65.55
186,87.39999999999999
156,52.9
163,60.949999999999996
200,103.49999999999999
181,81.64999999999999
151,47.15
163,60.949999999999996
161,58.65
157,54.05
147,42.55
198,101.19999999999999
170,69.0
147,42.55
152,48.3
151,47.15
156,52.9
160,57.49999999999999
140,34.5
189,90.85
177,77.05
173,72.44999999999999
196,98.89999999999999
192,94.3
149,44.849999999999994
146,41.4
167,65.55
176,75.89999999999999
159,56.349999999999994
175,74.75
181,81.64999999999999
155,51.74999999999999
175,74.75
144,39.099999999999994
152,48.3
167,65.55
184,85.1
141,35.65
195,97.74999999999999
188,89.69999999999999
145,40.25
171,70.14999999999999
168,66.69999999999999
156,52.9
181,81.64999999999999
163,60.949999999999996
143,37.949999999999996
147,42.55
190,92.0
193,95.44999999999999
197,100.05
150,46.0
188,89.69999999999999
154,50.599999999999994
194,96.6
199,102.35
175,74.75
144,39.099999999999994
200,103.49999999999999
146,41.4
189,90.85
199,102.35
190,92.0
147,42.55
168,66.69999999999999
167,65.55
158,55.199999999999996
157,54.05
179,79.35
186,87.39999999999999
171,70.14999999999999
159,56.349999999999994
173,72.44999999999999
169,67.85
189,90.85
185,86.25
148,43.699999999999996
154,50.599999999999994
171,70.14999999999999
199,102.35
159,56.349999999999994
173,72.44999999999999
151,47.15
191,93.14999999999999
179,79.35
142,36.8
184,85.1
166,64.39999999999999
164,62.099999999999994
172,71.3
153,49.449999999999996
162,59.8
194,96.6
158,55.199999999999996
182,82.8
142,36.8
174,73.6
140,34.5
180,80.5
179,79.35
155,51.74999999999999
154,50.599999999999994
181,81.64999999999999
169,67.85
183,83.94999999999999
199,102.35
179,79.35
189,90.85
156,52.9
169,67.85
144,39.099999999999994
173,72.44999999999999
156,52.9
171,70.14999999999999
141,35.65
169,67.85
188,89.69999999999999
140,34.5
197,100.05
190,92.0
197,100.05
190,92.0
155,51.74999999999999
145,40.25
167,65.55
143,37.949999999999996
180,80.5
152,48.3
165,63.24999999999999
170,69.0
164,62.099999999999994
164,62.099999999999994
191,93.14999999999999
184,85.1
150,46.0
168,66.69999999999999
187,88.55
177,77.05
189,90.85
192,94.3
155,51.74999999999999
197,100.05
171,70.14999999999999
187,88.55
145,40.25
185,86.25
196,98.89999999999999
173,72.44999999999999
188,89.69999999999999
191,93.14999999999999
161,58.65
145,40.25
156,52.9
175,74.75
152,48.3
169,67.85
145,40.25
189,90.85
142,36.8
177,77.05
172,71.3
179,79.35
196,98.89999999999999
158,55.199999999999996
168,66.69999999999999
174,73.6
180,80.5
166,64.39999999999999
184,85.1
176,75.89999999999999
154,50.599999999999994
159,56.349999999999994
198,101.19999999999999
179,79.35
200,103.49999999999999
165,63.24999999999999
162,59.8
174,73.6
184,85.1
163,60.949999999999996
143,37.949999999999996
166,64.39999999999999
160,57.49999999999999
156,52.9
155,51.74999999999999
168,66.69999999999999
184,85.1
162,59.8
171,70.14999999999999
142,36.8
187,88.55
170,69.0
179,79.35
191,93.14999999999999
145,40.25
191,93.14999999999999
156,52.9
171,70.14999999999999
170,69.0
140,34.5
168,66.69999999999999
148,43.699999999999996
200,103.49999999999999
185,86.25
168,66.69999999999999
162,59.8
175,74.75
160,57.49999999999999
141,35.65
182,82.8
143,37.949999999999996
200,103.49999999999999
190,92.0
148,43.699999999999996
155,51.74999999999999
150,46.0
160,57.49999999999999
168,66.69999999999999
200,103.49999999999999
183,83.94999999999999
166,64.39999999999999
188,89.69999999999999
174,73.6
148,43.699999999999996
165,63.24999999999999
161,58.65
188,89.69999999999999
184,85.1
196,98.89999999999999
184,85.1
175,74.75
164,62.099999999999994
197,100.05
165,63.24999999999999
188,89.69999999999999
140,34.5
146,41.4
162,59.8
167,65.55
199,102.35
165,63.24999999999999
149,44.849999999999994
162,59.8
182,82.8
182,82.8
166,64.39999999999999
189,90.85
145,40.25
141,35.65
194,96.6
162,59.8
200,103.49999999999999
164,62.099999999999994
193,95.44999999999999
177,77.05
193,95.44999999999999
199,102.35
190,92.0
172,71.3
166,64.39999999999999
180,80.5
191,93.14999999999999
193,95.44999999999999
152,48.3
191,93.14999999999999
179,79.35
181,81.64999999999999
151,47.15
184,85.1
153,49.449999999999996
144,39.099999999999994
191,93.14999999999999
185,86.25
146,41.4
164,62.099999999999994
195,97.74999999999999
145,40.25
145,40.25
171,70.14999999999999
190,92.0
184,85.1
170,69.0
168,66.69999999999999
176,75.89999999999999
157,54.05
166,64.39999999999999
170,69.0
163,60.949999999999996
155,51.74999999999999
193,95.44999999999999
148,43.699999999999996
161,58.65
146,41.4
151,47.15
142,36.8
196,98.89999999999999
165,63.24999999999999
196,98.89999999999999
189,90.85
184,85.1
156,52.9
161,58.65
163,60.949999999999996
150,46.0
158,55.199999999999996
196,98.89999999999999
176,75.89999999999999
143,37.949999999999996
141,35.65
164,62.099999999999994
192,94.3
168,66.69999999999999
149,44.849999999999994
192,94.3
182,82.8
146,41.4
162,59.8
193,95.44999999999999
167,65.55
182,82.8
148,43.699999999999996
183,83.94999999999999
193,95.44999999999999
156,52.9
179,79.35
159,56.349999999999994
182,82.8
197,100.05
160,57.49999999999999
177,77.05
187,88.55
170,69.0
159,56.349999999999994
180,80.5
148,43.699999999999996
200,103.49999999999999
194,96.6
178,78.19999999999999
192,94.3
191,93.14999999999999
157,54.05
142,36.8
156,52.9
141,35.65
167,65.55
171,70.14999999999999
167,65.55
196,98.89999999999999
190,92.0
156,52.9
156,52.9
189,90.85
140,34.5
176,75.89999999999999
141,35.65
143,37.949999999999996
186,87.39999999999999
189,90.85
198,101.19999999999999
152,48.3
157,54.05
180,80.5
161,58.65
169,67.85
164,62.099999999999994
190,92.0
162,59.8
158,55.199999999999996
142,36.8
160,57.49999999999999
163,60.949999999999996
145,40.25
156,52.9
145,40.25
158,55.199999999999996
189,90.85
164,62.099999999999994
156,52.9
183,83.94999999999999
149,44.849999999999994
145,40.25
183,83.94999999999999
179,79.35
176,75.89999999999999
191,93.14999999999999
182,82.8
168,66.69999999999999
180,80.5
174,73.6
159,56.349999999999994
166,64.39999999999999
151,47.15
193,95.44999999999999
176,75.89999999999999
150,46.0
153,49.449999999999996
149,44.849999999999994
153,49.449999999999996
182,82.8
168,66.69999999999999
183,83.94999999999999
149,44.849999999999994
152,48.3
196,98.89999999999999
152,48.3
200,103.49999999999999
184,85.1
150,46.0
144,39.099999999999994
181,81.64999999999999
165,63.24999999999999
174,73.6
156,52.9
194,96.6
194,96.6
149,44.849999999999994
169,67.85
180,80.5
177,77.05
153,49.449999999999996
189,90.85
191,93.14999999999999
144,39.099999999999994
181,81.64999999999999
183,83.94999999999999
194,96.6
144,39.099999999999994
158,55.199999999999996
199,102.35
164,62.099999999999994
191,93.14999999999999
177,77.05
163,60.949999999999996
198,101.19999999999999
154,50.599999999999994
199,102.35
173,72.44999999999999
185,86.25
147,42.55
198,101.19999999999999
140,34.5
177,77.05
179,79.35
199,102.35
173,72.44999999999999
183,83.94999999999999
200,103.49999999999999
173,72.44999999999999
183,83.94999999999999
148,43.699999999999996
175,74.75
185,86.25
180,80.5
166,64.39999999999999
198,101.19999999999999
169,67.85
169,67.85
184,85.1
159,56.349999999999994
169,67.85
166,64.39999999999999
187,88.55
194,96.6
173,72.44999999999999
176,75.89999999999999
146,41.4
141,35.65
148,43.699999999999996
147,42.55
175,74.75
151,47.15
158,55.199999999999996
165,63.24999999999999
148,43.699999999999996
200,103.49999999999999
157,54.05
180,80.5
191,93.14999999999999
143,37.949999999999996
177,77.05
197,100.05
164,62.099999999999994
163,60.949999999999996
158,55.199999999999996
148,43.699999999999996
194,96.6
184,85.1
140,34.5
187,88.55
171,70.14999999999999
152,48.3
182,82.8
154,50.599999999999994
151,47.15
164,62.099999999999994
191,93.14999999999999
155,51.74999999999999
189,90.85
197,100.05
156,52.9
169,67.85
156,52.9
148,43.699999999999996
152,48.3
199,102.35
175,74.75
186,87.39999999999999
198,101.19999999999999
183,83.94999999999999
167,65.55
187,88.55
164,62.099999999999994
145,40.25
170,69.0
193,95.44999999999999
176,75.89999999999999
166,64.39999999999999
183,83.94999999999999
149,44.849999999999994
173,72.44999999999999
157,54.05
187,88.55
194,96.6
148,43.699999999999996
191,93.14999999999999
186,87.39999999999999
170,69.0
171,70.14999999999999
157,54.05
188,89.69999999999999
192,94.3
164,62.099999999999994
150,46.0
151,47.15
140,34.5
166,64.39999999999999
199,102.35
176,75.89999999999999
188,89.69999999999999
156,52.9
184,85.1
187,88.55
198,101.19999999999999
167,65.55
171,70.14999999999999
141,35.65
171,70.14999999999999
154,50.599999999999994
160,57.49999999999999
163,60.949999999999996
158,55.199999999999996
153,49.449999999999996
169,67.85
145,40.25
188,89.69999999999999
147,42.55
187,88.55
177,77.05
169,67.85
153,49.449999999999996
154,50.599999999999994
164,62.099999999999994
165,63.24999999999999
187,88.55
159,56.349999999999994
165,63.24999999999999
170,69.0
159,56.349999999999994
181,81.64999999999999
179,79.35
170,69.0
152,48.3
176,75.89999999999999
160,57.49999999999999
193,95.44999999999999
162,59.8
197,100.05
178,78.19999999999999
173,72.44999999999999
148,43.699999999999996
198,101.19999999999999
171,70.14999999999999
141,35.65
189,90.85
200,103.49999999999999
184,85.1
185,86.25
184,85.1
147,42.55
170,69.0
194,96.6
189,90.85
179,79.35
161,58.65
153,49.449999999999996
199,102.35
189,90.85
194,96.6
173,72.44999999999999
146,41.4
161,58.65
176,75.89999999999999
159,56.349999999999994
159,56.349999999999994
173,72.44999999999999
177,77.05
156,52.9
157,54.05
160,57.49999999999999
184,85.1
191,93.14999999999999
154,50.599999999999994
148,43.699999999999996
176,75.89999999999999
164,62.099999999999994
147,42.55
163,60.949999999999996
144,39.099999999999994
180,80.5
183,83.94999999999999
176,75.89999999999999
198,101.19999999999999
155,51.74999999999999
188,89.69999999999999
192,94.3
187,88.55
174,73.6
147,42.55
163,60.949999999999996
141,35.65
162,59.8
178,78.19999999999999
180,80.5
190,92.0
180,80.5
192,94.3
173,72.44999999999999
172,71.3
192,94.3
181,81.64999999999999
143,37.949999999999996
198,101.19999999999999
191,93.14999999999999
170,69.0
173,72.44999999999999
142,36.8
147,42.55
185,86.25
181,81.64999999999999
167,65.55
184,85.1
191,93.14999999999999
177,77.05
182,82.8
169,67.85
192,94.3
143,37.949999999999996
149,44.849999999999994
142,36.8
166,64.39999999999999
187,88.55
173,72.44999999999999
178,78.19999999999999

